0001735683190820241200016613026515
0001735693190820241201023620795858
0001735703190820241201012302061227
0001735713190820241201016032338135
0001735723190820241201015696481403
0001735733190820241201012391502445
0001735743190820241201014593437306
0001735753190820241202020713802663
0001735763190820241202016464476085
0001735773190820241202020773032759
0001735783190820241202020962533755
0001735793190820241202020676614579
0001735803190820241203026879273074
0001735813190820241203023747491959
0001735823190820241204020676266279
0001735833190820241216020216099972
0001735843190820241230011653741621
0001735853190820241255020713802663
0001735863190820241307012302061227
0001735873190820241307012391502445
0001735883190820241307023620795858
0001735893190820241309015696481403
0001735903190820241311020773032759
0001735913190820241311023747491959
0001735923190820241311026879273074
0001735933190820241311020676614579
0001735943190820241311016464476085
0001735953190820241311014593437306
0001735963190820241312016032338135
0001735973190820241312016613026515
0001735983190820241312020962533755
0001735993190820241313020676266279
0001736003190820241343011653741621
0001736013190820241729012391502445
0001736023190820241730015696481403
0001736033190820241731012302061227
0001736043190820241731014593437306
0001736053190820241731023747491959
0001736063190820241732016032338135
0001736073190820241732026879273074
0001736083190820241733016613026515
0001736093190820241735020676614579
0001736103190820241738016464476085
0001736113190820241744011653741621
0001736123190820241805020962533755
0001736133190820241809020216099972
0001736143190820241813023620795858
0001736153190820241831020713802663
0001736163190820241832020773032759
0001736173190820241835020676266279
0001736183200820240659016613026515
0001736193200820240702011653741621
0001736203200820240703020773032759
0001736213200820240704020713802663
0001736223200820240710012302061227
0001736233200820240716026879273074
0001736243200820240717023747491959
0001736253200820240722015696481403
0001736263200820240723020216099972
0001736273200820240725023620795858
0001736283200820240725020676614579
0001736293200820240726014593437306
0001736303200820240728020676266279
0001736313200820240728016032338135
0001736323200820240733020962533755
0001736333200820240733012391502445
0001736343200820241200015696481403
0001736353200820241200014593437306
0001736363200820241200012391502445
0001736373200820241201012302061227
0001736383200820241201020962533755
0001736393200820241201016613026515
0001736403200820241201016032338135
0001736413200820241201020713802663
0001736423200820241201020676266279
0001736433200820241202020676614579
0001736443200820241202023747491959
0001736453200820241203026879273074
0001736463200820241204020773032759
0001736473200820241204023620795858
0001736483200820241223011653741621
0001736493200820241223020216099972
0001736503200820241259020713802663
0001736513200820241306023620795858
0001736523200820241306012302061227
0001736533200820241306015696481403
0001736543200820241307020773032759
0001736553200820241308012391502445
0001736563200820241309016032338135
0001736573200820241310023747491959
0001736583200820241310026879273074
0001736593200820241311014593437306
0001736603200820241313016613026515
0001736613200820241313020962533755
0001736623200820241314020676266279
0001736633200820241335011653741621
0001736643200820241419020676614579
0001736653200820241729012391502445
0001736663200820241729016613026515
0001736673200820241730012302061227
0001736683200820241730012302061227
0001736693200820241730016032338135
0001736703200820241730026879273074
0001736713200820241730014593437306
0001736723200820241730015696481403
0001736733200820241731020962533755
0001736743200820241731020676614579
0001736753200820241731023747491959
0001736763200820241732020773032759
0001736773200820241747011653741621
0001736783200820241813020216099972
0001736793200820241814023620795858
0001736803200820241825020713802663
0001736813200820241833020676266279
0001736823210820240703020713802663
0001736833210820240704020773032759
0001736843210820240714012302061227
0001736853210820240715026879273074
0001736863210820240716016613026515
0001736873210820240717020216099972
0001736883210820240718023620795858
0001736893210820240719023747491959
0001736903210820240724015696481403
0001736913210820240726016032338135
0001736923210820240728020676614579
0001736933210820240729020676266279
0001736943210820240729014593437306
0001736953210820240731011653741621
0001736963210820240733020962533755

